startTime,createUser,commentsUser,proj,year,url
2023-05-27 20:57:26+00:00,[User]_diomed,{'[User]_chinchang'},chinchang/web-maker,2023,https://github.com/chinchang/web-maker/pull/534
2023-06-10 13:49:35+00:00,[User]_TheBurgerCoder,{'[User]_TheBurgerCoder'},chinchang/web-maker,2023,https://github.com/chinchang/web-maker/issues/535
2023-08-10 09:56:48+00:00,[User]_Mediendozent,{'[User]_parthrc'},chinchang/web-maker,2023,https://github.com/chinchang/web-maker/issues/538
2023-08-11 22:02:13+00:00,[User]_psmoros,{'[User]_chinchang'},chinchang/web-maker,2023,https://github.com/chinchang/web-maker/issues/539
2023-10-01 18:36:42+00:00,[User]_vinitsingh-13,set(),chinchang/web-maker,2023,https://github.com/chinchang/web-maker/issues/541
2023-10-08 08:48:59+00:00,[User]_chinchang,set(),chinchang/web-maker,2023,https://github.com/chinchang/web-maker/pull/542
2023-10-11 19:20:11+00:00,[User]_JAVAHTML1,{'[User]_chinchang'},chinchang/web-maker,2023,https://github.com/chinchang/web-maker/issues/543
2023-10-11 21:57:28+00:00,[User]_nhogle,{'[User]_nhogle'},chinchang/web-maker,2023,https://github.com/chinchang/web-maker/issues/544
2023-10-11 22:53:23+00:00,[User]_nhogle,"{'[User]_chinchang', '[User]_nhogle'}",chinchang/web-maker,2023,https://github.com/chinchang/web-maker/pull/545
2023-10-11 23:16:11+00:00,[User]_nhogle,"{'[User]_chinchang', '[User]_nhogle'}",chinchang/web-maker,2023,https://github.com/chinchang/web-maker/issues/546
2023-10-11 23:24:34+00:00,[User]_nhogle,set(),chinchang/web-maker,2023,https://github.com/chinchang/web-maker/pull/547
2023-10-26 21:23:57+00:00,[User]_nhogle,"{'[User]_chinchang', '[User]_nhogle'}",chinchang/web-maker,2023,https://github.com/chinchang/web-maker/issues/548
2023-12-25 23:09:32+00:00,[User]_ethanpil,"{'[User]_chinchang', '[User]_opencoca', '[User]_ethanpil'}",chinchang/web-maker,2023,https://github.com/chinchang/web-maker/issues/549
2024-01-14 13:24:43+00:00,[User]_simevidas,set(),chinchang/web-maker,2024,https://github.com/chinchang/web-maker/issues/550
2024-03-25 04:42:32+00:00,[User]_atubo-1,{'[User]_chinchang'},chinchang/web-maker,2024,https://github.com/chinchang/web-maker/issues/551
2024-04-10 06:39:09+00:00,[User]_chinchang,set(),chinchang/web-maker,2024,https://github.com/chinchang/web-maker/pull/552
2024-04-28 16:25:16+00:00,[User]_chinchang,set(),chinchang/web-maker,2024,https://github.com/chinchang/web-maker/pull/553
