startTime,createUser,commentsUser,proj,year,url
2023-06-21 09:07:02+00:00,[User]_mices,set(),tigrish/devise-i18n,2023,https://github.com/tigrish/devise-i18n/issues/341
2023-08-12 10:23:37+00:00,[User]_tonekk,{'[User]_JasonBarnabe'},tigrish/devise-i18n,2023,https://github.com/tigrish/devise-i18n/issues/342
2023-08-14 18:32:15+00:00,[User]_hui00,{'[User]_JasonBarnabe'},tigrish/devise-i18n,2023,https://github.com/tigrish/devise-i18n/pull/343
2023-08-19 14:56:39+00:00,[User]_prp-e,{'[User]_JasonBarnabe'},tigrish/devise-i18n,2023,https://github.com/tigrish/devise-i18n/issues/344
2023-09-27 14:23:40+00:00,[User]_opensourceame,{'[User]_JasonBarnabe'},tigrish/devise-i18n,2023,https://github.com/tigrish/devise-i18n/issues/345
2023-10-03 00:43:29+00:00,[User]_JasonBarnabe,set(),tigrish/devise-i18n,2023,https://github.com/tigrish/devise-i18n/pull/346
2023-10-03 05:45:28+00:00,[User]_mitsuru,{'[User]_JasonBarnabe'},tigrish/devise-i18n,2023,https://github.com/tigrish/devise-i18n/pull/347
2023-10-06 21:18:18+00:00,[User]_jules-w2,{'[User]_JasonBarnabe'},tigrish/devise-i18n,2023,https://github.com/tigrish/devise-i18n/issues/348
2023-10-24 18:18:13+00:00,[User]_ajpalok,{'[User]_JasonBarnabe'},tigrish/devise-i18n,2023,https://github.com/tigrish/devise-i18n/pull/349
2023-10-24 18:39:02+00:00,[User]_ajpalok,set(),tigrish/devise-i18n,2023,https://github.com/tigrish/devise-i18n/pull/350
2023-10-24 18:49:09+00:00,[User]_ajpalok,{'[User]_ajpalok'},tigrish/devise-i18n,2023,https://github.com/tigrish/devise-i18n/pull/351
2023-12-25 23:52:55+00:00,[User]_m-nakamura145,{'[User]_JasonBarnabe'},tigrish/devise-i18n,2023,https://github.com/tigrish/devise-i18n/pull/352
2024-02-12 17:30:04+00:00,[User]_IbraheemTuffaha,{'[User]_JasonBarnabe'},tigrish/devise-i18n,2024,https://github.com/tigrish/devise-i18n/pull/354
2024-03-01 02:36:24+00:00,[User]_JasonBarnabe,set(),tigrish/devise-i18n,2024,https://github.com/tigrish/devise-i18n/pull/357
2024-03-13 14:04:58+00:00,[User]_light-flight,{'[User]_JasonBarnabe'},tigrish/devise-i18n,2024,https://github.com/tigrish/devise-i18n/pull/358
